-0.404970150644815 0.009869663538657 0.008118435962464 0.007304139666531 0.006315701692853 0.006112127618870 0.009435535694139 0.037820629166524 0.003907150600666 0.013592861662832 0.015682561795769 0.004414859435781 0.005300284022624 0.002850037035765 0.038666810558382 0.100178065997243 0.077007412058453 0.000539593931040 0.001822355867103 0.056031924339120 
0.004970192721354 -0.163631749757636 0.005668041878880 0.001459139147553 0.005604601046377 0.019698378491972 0.003033264804017 0.011916963880359 0.017358997793449 0.002727955797600 0.007226307327218 0.041650889063792 0.001823923934442 0.000695866631510 0.007028054725648 0.015085040453443 0.009325802377842 0.003255307717776 0.001964683281556 0.003138338682849 
0.018360050197713 0.028143868538820 -0.409959036772192 0.038609618071177 0.006942438377572 0.012080600478299 0.009698576942202 0.033651410034807 0.036724836028698 0.007359174105557 0.006284185352686 0.020145383941468 0.002097885539744 0.001955816541567 0.009447588378756 0.114758601093931 0.047536286789951 0.000468827693983 0.008230530627708 0.007463358037554 
0.021676557507028 0.009605727877754 0.050392830542274 -0.327243458830879 0.002541986016674 0.010187165132986 0.098397443598184 0.040345018139881 0.014310083851902 0.002556401816391 0.003349270800798 0.006559188871003 0.000821700583840 0.000888974315850 0.006938804930204 0.032435549362101 0.013517214867495 0.000230652795464 0.004209413517215 0.008279474303837 
0.009345062926554 0.021664266483000 0.004508171060046 0.001262705320059 -0.159711351825183 0.002567152964749 0.000657441612923 0.011296516603010 0.008118882140546 0.002838478074844 0.007487529480517 0.001226180786008 0.000756579633920 0.008197148999228 0.004054223279694 0.042305846012564 0.008484127481059 0.003829858284808 0.015945568008682 0.005165612672970 
0.016223212264373 0.115629898893251 0.012857258798252 0.008269652170570 0.004168998201692 -0.450461109995771 0.030045833351131 0.011058951172317 0.067357512953368 0.004220256376303 0.030844606572152 0.032326822121320 0.004010952163309 0.001994797295277 0.048144240503355 0.028110837259567 0.017449136940485 0.003084033505760 0.006001477944035 0.008662631509254 
0.037750239885839 0.022557470086031 0.015151763673493 0.117859808255353 0.001595138313664 0.043712530652079 -0.402360312630707 0.040009677445810 0.010263833416712 0.004641893498889 0.008004395856741 0.023398095675494 0.002673599435756 0.000840625589463 0.011694947225115 0.025103950530209 0.018157512732402 0.000721707823149 0.001939589774712 0.016283532759794 
0.038002812939522 0.023690065209053 0.013931722286153 0.012867919703363 0.007198567958062 0.004429101137962 0.011024165707710 -0.216857179388825 0.004147807185782 0.003112133998210 0.004204065976218 0.004188722669735 0.001495972382048 0.000933384477688 0.007577036184631 0.051054852320675 0.014333205472446 0.001470400204577 0.001135404679708 0.012059838895282 
0.006878959137168 0.078139425668284 0.027622569816899 0.008234471643639 0.009371180950246 0.047346877785071 0.004899057011575 0.007444645458766 -0.325365694860260 0.003015214827386 0.016532983248214 0.007161802297967 0.001248779238245 0.006089132952296 0.022590096220041 0.024212441897077 0.009152377750383 0.001179402613898 0.040035648911587 0.004210627431517 
0.017229791653938 0.006306728308317 0.004399095741431 0.001116745755348 0.002620449006470 0.002124871862759 0.001496914523126 0.004032504429645 0.002342111158632 -0.383257639016178 0.088253463948460 0.002569533546499 0.021740901407303 0.011045260449550 0.005526024588773 0.014052666951793 0.035885216187043 0.000458239139732 0.002196153506717 0.159860966850641 
0.011141410206467 0.012286881781034 0.001783686561845 0.000737677063216 0.003282248505997 0.008696300839626 0.001473696425167 0.002902634916162 0.006624174257557 0.046281361635820 -0.239992043033925 0.001949456688410 0.021381030924417 0.022814942519209 0.018511550033568 0.017924723785527 0.011486212069723 0.002385432121277 0.004193984202107 0.044134638496796 
0.013382041044297 0.237374614124733 0.024831875372667 0.006185325795714 0.002336007728827 0.037508208104701 0.018578620434596 0.012193281053053 0.011747967786491 0.006585352967371 0.008400570604796 -0.460518072925708 0.005275830056381 0.000709482153505 0.008989289838555 0.025545131367414 0.030688876980323 0.001279332181054 0.001626525575322 0.007279739755908 
0.027330926511516 0.017223998138878 0.004316769918748 0.001292446083458 0.002395333408008 0.007332477446816 0.003455139196443 0.007375558982931 0.003463755503666 0.085973513471596 0.140178702211806 0.008676621373612 -0.492783842700695 0.008581841994158 0.009633031475370 0.023712077477835 0.060736349615282 0.001774959287948 0.002386717100785 0.076943623501840 
0.006421474539912 0.003937563509089 0.001933498927402 0.000672725904181 0.012490120808400 0.001895863911784 0.000536298972564 0.002196944036732 0.007988032065033 0.018215347559369 0.079395769824244 0.000573933988183 0.004135147341086 -0.265966655376162 0.004991343946408 0.019424372436115 0.006332091377818 0.003071958149863 0.073087200331188 0.018666967746792 
0.035126745726135 0.014505315803200 0.003730522784571 0.002040409309176 0.002467412259843 0.016783517174723 0.002817708093624 0.006796250556127 0.011756644114774 0.004101273849521 0.023551641787992 0.002700090514398 0.001733580841630 0.002019954078006 -0.237738367365724 0.069118226122353 0.027307733611524 0.000437230566252 0.001506016394868 0.009238093777007 
0.057317838651394 0.021067634910892 0.033940566728049 0.007052022319555 0.018112964138204 0.006805799755165 0.004236068484552 0.035024292803712 0.009027004719844 0.006719101669112 0.016132779852752 0.005656183134101 0.002760467059929 0.005200151201462 0.042991846911988 -0.364255072705015 0.074199689967644 0.001201635472695 0.004978204101166 0.011830820822800 
0.069442658092176 0.016184351554126 0.019016613076099 0.004099678456592 0.005150053590568 0.006237942122186 0.004439978563773 0.013239549839228 0.004868703108253 0.026152197213290 0.015080385852090 0.009214898177921 0.010463558413719 0.002497320471597 0.027360664523044 0.111870310825295 -0.379809753483387 0.000514469453376 0.001797963558414 0.032178456591640 
0.001916675073136 0.023020276404721 0.000645616866741 0.000242106325028 0.008070210834258 0.003520629476445 0.000615353576112 0.004973267426612 0.002189044688792 0.001160092807425 0.011046101079391 0.001402199132452 0.001190356098053 0.004257036215071 0.001896499546051 0.007898718854030 0.001987289417936 -0.082548169070917 0.004549581357813 0.001967113890850 
0.003372175231042 0.009399366254851 0.006612108296161 0.002573635998352 0.019693910248259 0.004603044621559 0.000991816244424 0.002197254449186 0.042719305830354 0.002944931310367 0.011917053644543 0.001047764853084 0.000935867635764 0.059478457242547 0.003072087239140 0.014658535468875 0.003702780645850 0.002665188267068 -0.196150735724204 0.003565452242776 
0.056353213756821 0.006443571594249 0.003038266352984 0.002559076693285 0.003349229855555 0.003448636221131 0.004437602114552 0.011982290373640 0.002344970675122 0.115747242747796 0.064142594608097 0.002454572565372 0.017406309500445 0.007825065187636 0.009910049983560 0.019251699466519 0.034934965296983 0.000670355747345 0.001858134371917 -0.368157847113010 
