-0.000270621309297 0.000000001707309 0.000000001099001 0.000012734208990 0.000000000318233 0.000000000302441 0.000013914881482 0.000025559130260 0.000000000276779 0.000000005417983 0.000000002980512 0.000000001200896 0.000000001860589 0.000000001050072 0.000021729206041 0.000026050102325 0.000086279677198 0.000000000170239 0.000000000331804 0.000084337387141 
0.000000001040824 -0.000251065193045 0.000000002279516 0.000000000642712 0.000024568762725 0.000027465162968 0.000000003490063 0.000047886794802 0.000025134084244 0.000005191392066 0.000015881417133 0.000033682117739 0.000004978401316 0.000000000640166 0.000013246918827 0.000026414272566 0.000008483286355 0.000018121120922 0.000000002120359 0.000000001247743 
0.000000001798600 0.000000006119478 -0.000313276947974 0.000082746975392 0.000000002156056 0.000000001134602 0.000000004320877 0.000000006849565 0.000021728202220 0.000026048539170 0.000000000566215 0.000052201589417 0.000000000665884 0.000000000678703 0.000000000472287 0.000082747541572 0.000021729336822 0.000000000000055 0.000026047844890 0.000000002156168 
0.000021729260121 0.000000001798973 0.000086275691348 -0.000316805663931 0.000000002156056 0.000000001134602 0.000052201405154 0.000082751004172 0.000021728202220 0.000000002248060 0.000000000566215 0.000000004505140 0.000000000000057 0.000000000678703 0.000000000472287 0.000000007707469 0.000000001875301 0.000000000000055 0.000026047844890 0.000026049113106 
0.000000000555545 0.000070354568432 0.000000002299839 0.000000002205774 -0.000282194776812 0.000000000000317 0.000000000000115 0.000025559811424 0.000000006071375 0.000000000694372 0.000000003193341 0.000000000000120 0.000000000000018 0.000026048746714 0.000000001529132 0.000048378498290 0.000000000579236 0.000025556678406 0.000086278678373 0.000000000665989 
0.000000000555577 0.000082759983646 0.000000001273533 0.000000001221445 0.000000000000334 -0.000230547213063 0.000025560154797 0.000000002115789 0.000047776046286 0.000000000354480 0.000026053442933 0.000026650158699 0.000000000339950 0.000000000000105 0.000021731038765 0.000000001833341 0.000000000579269 0.000000003417692 0.000000004030398 0.000000000666027 
0.000021729826133 0.000000008940155 0.000000004122988 0.000047773380296 0.000000000000103 0.000021728864477 -0.000286336152468 0.000082753159701 0.000000001038359 0.000000001147608 0.000000001244918 0.000086278320960 0.000000001100568 0.000000000000032 0.000000000472300 0.000000000566536 0.000000001875350 0.000000001055554 0.000000001244788 0.000026049791643 
0.000021729410980 0.000066780959998 0.000000003558183 0.000041228941927 0.000012447597550 0.000000000979199 0.000045051549018 -0.000261192363525 0.000000000896115 0.000000001673453 0.000000000920591 0.000000003888085 0.000000000574680 0.000000000324336 0.000000000472291 0.000041229508111 0.000000001875314 0.000006658865474 0.000000001074265 0.000026049293955 
0.000000000555530 0.000082750798653 0.000026647793148 0.000025557885998 0.000000006980511 0.000052201275436 0.000000001334580 0.000000002115611 -0.000319289842954 0.000000000694354 0.000026049048489 0.000000001391493 0.000000000000018 0.000000002197389 0.000021729206125 0.000000004038796 0.000000000579220 0.000000000000178 0.000084333281453 0.000000000665971 
0.000000005823202 0.000009152569857 0.000017106885746 0.000000001415987 0.000000000427506 0.000000000207402 0.000000000789844 0.000000002115611 0.000000000371818 -0.000299137808544 0.000031057047947 0.000009542298791 0.000046031459743 0.000016721874776 0.000000001529092 0.000016409039232 0.000070351550334 0.000000000000031 0.000000000445737 0.000082751955887 
0.000000001798628 0.000015720803590 0.000000000208783 0.000000000200244 0.000000001103880 0.000008558790502 0.000000000481077 0.000000000653454 0.000007831919691 0.000017437588052 -0.000202682997282 0.000000000501592 0.000009212216191 0.000043178177502 0.000043270062225 0.000027088275032 0.000000001875330 0.000004817375716 0.000000001150955 0.000025559814838 
0.000000001798647 0.000082751296098 0.000047773548928 0.000000003954355 0.000000000000103 0.000021728864477 0.000082749497451 0.000000006849744 0.000000001038359 0.000013297475628 0.000000001244918 -0.000282807328959 0.000012752407966 0.000000000000032 0.000000000472300 0.000000004520550 0.000021729902836 0.000000001055554 0.000000001244788 0.000000002156225 
0.000000005823202 0.000025558554672 0.000000001273425 0.000000000000105 0.000000000000032 0.000000000579193 0.000000002205725 0.000000002115611 0.000000000000028 0.000134042305897 0.000047777677968 0.000026647911117 -0.000387148447423 0.000000001244765 0.000000001529092 0.000000003054422 0.000070351550348 0.000000000665882 0.000000000000033 0.000082751955904 
0.000000001798600 0.000000001798636 0.000000000710327 0.000000000681275 0.000025558089685 0.000000000000098 0.000000000000036 0.000000000653444 0.000000001875203 0.000026648715799 0.000122554533041 0.000000000000037 0.000000000681227 -0.000297337239065 0.000000004950633 0.000070352792560 0.000000001875301 0.000000000653364 0.000026648005522 0.000025559424276 
0.000025559066700 0.000025559422447 0.000000000339446 0.000000000325563 0.000000001030320 0.000013914846878 0.000000000355748 0.000000000653444 0.000012734177323 0.000000001673441 0.000084340892369 0.000000000370918 0.000000000574676 0.000000003399745 -0.000273107437791 0.000084337502974 0.000026649024201 0.000000000551172 0.000000001074258 0.000000002156168 
0.000016228680840 0.000026992769907 0.000031498672418 0.000000002813926 0.000017264427650 0.000000000621747 0.000000000226008 0.000030212041096 0.000000001253579 0.000009511143218 0.000027964344813 0.000000001880289 0.000000000607983 0.000025588190785 0.000044667679459 -0.000267025499787 0.000024853242515 0.000004148598986 0.000008086148371 0.000000002156197 
0.000082750798219 0.000013346358987 0.000012734253940 0.000000001054051 0.000000000318233 0.000000000302441 0.000000001151779 0.000000002115611 0.000000000276779 0.000062778816537 0.000000002980512 0.000013914930599 0.000021558868301 0.000000001050072 0.000021729206041 0.000038262465297 -0.000267092430317 0.000000000170239 0.000000000331804 0.000000006980875 
0.000000000555626 0.000097015858713 0.000000000000110 0.000000000000105 0.000047780761065 0.000000006072288 0.000000002206106 0.000025563541135 0.000000000000290 0.000000000000093 0.000026054496599 0.000000002300184 0.000000000694398 0.000000001244980 0.000000001529356 0.000021734533647 0.000000000579320 -0.000218169163728 0.000000004123625 0.000000000666086 
0.000000000555559 0.000000005823621 0.000026649184231 0.000025559220185 0.000082751954936 0.000000003673614 0.000000001334650 0.000000002115721 0.000070351549525 0.000000000694390 0.000000003193423 0.000000001391566 0.000000000000018 0.000026049412396 0.000000001529172 0.000021732850280 0.000000000579251 0.000000002115462 -0.000253117844003 0.000000000666006 
0.000070351302009 0.000000001707309 0.000000001099001 0.000012734208990 0.000000000318233 0.000000000302441 0.000013914881482 0.000025559130260 0.000000000276779 0.000064225284494 0.000035331268436 0.000000001200896 0.000022055599745 0.000012447654291 0.000000001529092 0.000000002887132 0.000000006071531 0.000000000170239 0.000000000331804 -0.000256635224164 
