-0.000012446161711 0.000000270974169 0.000000236965265 0.000000423465705 0.000000116288510 0.000000228188774 0.000000658236847 0.000001297823650 0.000000050464825 0.000000189791624 0.000000281944783 0.000000219412282 0.000000109706141 0.000000055950132 0.000000988452332 0.000002647209185 0.000002676829844 0.000000012067676 0.000000044979518 0.000001937410452 
0.000000409117862 -0.000010360454369 0.000000192136324 0.000000079504686 0.000000207043453 0.000001242260716 0.000000197105367 0.000001016997439 0.000000738731039 0.000000125882419 0.000000339551262 0.000003889104214 0.000000101037205 0.000000026501562 0.000000359427434 0.000000684071567 0.000000380959953 0.000000180541891 0.000000076191991 0.000000114287986 
0.000000424333149 0.000000227882617 -0.000012830184231 0.000002815136121 0.000000062864170 0.000000312356346 0.000000353610957 0.000000571671048 0.000000915459478 0.000000255385691 0.000000123763835 0.000001489095031 0.000000076615707 0.000000029467580 0.000000060899665 0.000003414310243 0.000001361402185 0.000000003929011 0.000000223953606 0.000000108047792 
0.000000627054986 0.000000077975750 0.000002327901023 -0.000010572212042 0.000000021118432 0.000000211184322 0.000004733777795 0.000000937333489 0.000000233927249 0.000000060106307 0.000000055232823 0.000000165698468 0.000000043861359 0.000000012995958 0.000000063355297 0.000000396376727 0.000000245298712 0.000000008122474 0.000000144580036 0.000000206310837 
0.000000447710762 0.000000527960804 0.000000135157966 0.000000054907924 -0.000005562595033 0.000000038013178 0.000000033789491 0.000000413921270 0.000000168947457 0.000000080250042 0.000000152052712 0.000000029565805 0.000000097144788 0.000000278763305 0.000000063355297 0.000001490961311 0.000000278763305 0.000000160500084 0.000000692684575 0.000000418144957 
0.000000428549648 0.000001545251134 0.000000327593240 0.000000267843530 0.000000018543014 -0.000010489164699 0.000002115963886 0.000000173068127 0.000001308312627 0.000000041206697 0.000000646945142 0.000001767767298 0.000000107137412 0.000000018543014 0.000000813832264 0.000000374980942 0.000000306989892 0.000000024724018 0.000000082413394 0.000000119499421 
0.000000817487697 0.000000162135060 0.000000245246309 0.000003970265248 0.000000010899836 0.000001399266441 -0.000009572780930 0.000000831112492 0.000000055861659 0.000000058586618 0.000000088561167 0.000001027309539 0.000000040874385 0.000000017712233 0.000000096736044 0.000000212546801 0.000000193472088 0.000000016349754 0.000000020437192 0.000000307920366 
0.000001350438122 0.000000700903641 0.000000332187230 0.000000658666776 0.000000111870614 0.000000095889097 0.000000696337493 -0.000006294434323 0.000000046803012 0.000000028538422 0.000000063926065 0.000000162098236 0.000000030821496 0.000000020547664 0.000000106162929 0.000001291078204 0.000000187212047 0.000000078766044 0.000000017123053 0.000000315064177 
0.000000168947457 0.000001638055782 0.000001711511198 0.000000528878997 0.000000146910832 0.000002332209465 0.000000150583603 0.000000150583603 -0.000011337843496 0.000000095492041 0.000000492151289 0.000000312185519 0.000000077128187 0.000000183638541 0.000000576625017 0.000000506842372 0.000000279130582 0.000000018363854 0.000001887804197 0.000000080800958 
0.000000281037597 0.000000123461603 0.000000211184322 0.000000060106307 0.000000030865401 0.000000032489896 0.000000069853276 0.000000040612370 0.000000042236864 -0.000012982962299 0.000002150831092 0.000000121837109 0.000001143644327 0.000000318400977 0.000000050359338 0.000000279413103 0.000001510780147 0.000000019493937 0.000000099094182 0.000006397260452 
0.000000238568662 0.000000190297960 0.000000058481812 0.000000031561613 0.000000033418178 0.000000291480778 0.000000060338378 0.000000051983833 0.000000124389886 0.000001229046338 -0.000006741189204 0.000000087258577 0.000000904147382 0.000001014613027 0.000000536547419 0.000000404731271 0.000000159664630 0.000000076119184 0.000000077975750 0.000001170564526 
0.000000286351623 0.000003361768049 0.000001085272650 0.000000146039328 0.000000010022307 0.000001228448461 0.000001079545617 0.000000203309652 0.000000121699440 0.000000107381858 0.000000134585263 -0.000009053006549 0.000000147471086 0.000000010022307 0.000000110245375 0.000000326440850 0.000000569839729 0.000000012885823 0.000000028635162 0.000000083041971 
0.000000351973869 0.000000214704060 0.000000137269809 0.000000095032945 0.000000080953990 0.000000183026412 0.000000105592161 0.000000095032945 0.000000073914513 0.000002477896041 0.000003428225489 0.000000362533086 -0.000011312440164 0.000000172467196 0.000000080953990 0.000000190065890 0.000001207270372 0.000000028157910 0.000000059835558 0.000001967533930 
0.000000107704004 0.000000033789491 0.000000031677648 0.000000016894746 0.000000139381652 0.000000019006589 0.000000027453962 0.000000038013178 0.000000105592161 0.000000413921270 0.000002308244636 0.000000014782903 0.000000103480318 -0.000006443233654 0.000000076026356 0.000000652559554 0.000000082361885 0.000000078138199 0.000001795066734 0.000000399138368 
0.000001492369207 0.000000359427434 0.000000051346776 0.000000064597557 0.000000024845214 0.000000654257310 0.000000117600681 0.000000154040329 0.000000260046576 0.000000051346776 0.000000957368925 0.000000127538767 0.000000038095995 0.000000059628514 -0.000007165359808 0.000001884923593 0.000000682415220 0.000000009938086 0.000000036439648 0.000000139133200 
0.000002954131990 0.000000505618115 0.000002127758557 0.000000298718693 0.000000432162699 0.000000222814763 0.000000190984082 0.000001384634596 0.000000168947457 0.000000210572193 0.000000533776025 0.000000279130582 0.000000066109875 0.000000378295394 0.000001393204395 -0.000014424195235 0.000002764372164 0.000000044073250 0.000000200778138 0.000000268112269 
0.000003493489796 0.000000329304366 0.000000992208372 0.000000216195475 0.000000094496035 0.000000213331959 0.000000203309652 0.000000234808331 0.000000108813617 0.000001331535045 0.000000246262395 0.000000569839729 0.000000491093033 0.000000055838566 0.000000589884343 0.000003232909819 -0.000013232308481 0.000000011454065 0.000000064429115 0.000000753104767 
0.000000066372215 0.000000657688316 0.000000012067676 0.000000030169189 0.000000229285835 0.000000072406053 0.000000072406053 0.000000416334806 0.000000030169189 0.000000072406053 0.000000494774696 0.000000054304540 0.000000048270702 0.000000223251997 0.000000036203027 0.000000217218159 0.000000048270702 -0.000003191900176 0.000000247387348 0.000000162913620 
0.000000108231965 0.000000121430985 0.000000300937658 0.000000234942558 0.000000432927859 0.000000105592161 0.000000039597060 0.000000039597060 0.000001356859267 0.000000161028045 0.000000221743538 0.000000052796080 0.000000044876668 0.000002243833418 0.000000058075688 0.000000432927859 0.000000118791181 0.000000108231965 -0.000006293292786 0.000000110871769 
0.000002260312194 0.000000088313444 0.000000070394774 0.000000162547932 0.000000126710593 0.000000074234489 0.000000289258525 0.000000353253774 0.000000028157910 0.000005040265811 0.000001613960180 0.000000074234489 0.000000715466884 0.000000241902041 0.000000107512018 0.000000280299191 0.000000673230019 0.000000034557434 0.000000053756009 -0.000012288367712 
0.0770000004
0.0510000002
0.0430000002
0.0520000002
0.0200000001
0.0410000002
0.0620000003
0.0740000003
0.0230000001
0.0520000002
0.0910000004
0.0590000003
0.0240000001
0.0400000002
0.0510000002
0.0690000003
0.0590000003
0.0140000001
0.0320000001
0.0660000003
